18.768731
7.919966
12.676465
6.958388
13.363318
22.147149
15.438280
15.032704
19.094695
70.063276
18.376034
17.652685
26.538585
32.776977
11.864433
37.118458
42.287759
6.704478
6.851585
12.551897
14.689992
13.337404
8.006983
13.030731
7.894917
67.712659
6.920197
19.288598
26.192735
13.286392
18.174250
6.435857
8.520718
43.040535
32.566228
17.010429
41.448987
6.202310
7.237678
6.828382
8.725802
29.907145
6.293576
10.080724
26.646775
6.857289
15.161355
6.401489
8.078213
14.877426
16.532633
31.275923
7.015716
14.734871
44.924381
11.813805
26.986592
11.179910
6.965871
20.294300
14.430094
8.062604
24.543131
54.310461
7.560622
10.991366
7.031168
7.476233
50.347177
17.134695
10.152793
38.702758
26.490475
51.153924
8.599297
16.295537
32.894204
12.253762
9.944134
27.922473
120.646377
10.700363
39.520494
37.626779
28.942808
6.506772
12.257222
31.478000
59.280385
16.811232
36.353602
15.270716
30.652745
11.827297
19.367613
6.534896
16.350697
14.698761
11.160910
49.596044
41.384457
15.631903
6.804417
16.206749
9.821771
69.009936
7.404749
7.622053
38.885204
23.336177
6.847637
35.862504
7.136334
33.202549
25.146416
34.938673
9.409176
42.245597
14.693648
33.828283
16.413801
18.864833
23.715135
24.517252
14.588395
7.893032
30.047817
12.523921
15.430914
25.318623
9.071200
12.699867
54.135616
44.639862
25.300366
10.762486
21.265336
49.942140
6.544031
50.488760
32.604107
38.104636
14.739688
46.701109
47.347465
31.179748
24.103008
6.315449
11.607863
12.613848
7.313793
50.556253
39.547785
9.052906
11.322941
41.494968
16.276195
13.366576
20.384706
7.211616
40.705171
46.094407
7.827739
50.412456
7.756444
28.592812
19.109248
10.709401
8.011937
24.381157
13.396857
35.142536
8.043467
16.015809
10.559977
6.241077
30.509124
39.348588
16.866416
9.919599
8.894190
39.896730
16.910564
6.845775
11.880425
36.600790
24.610095
10.055444
14.436385
8.481950
20.256034
21.041479
11.934092
6.909126
9.369165
63.575359
8.389215
20.396174
28.344350
15.423123
48.054543
41.285689
17.152649
17.779311
29.552700
6.444938
29.551177
21.360471
12.336950
13.244371
35.782057
6.723492
15.707579
14.469232
9.151754
36.875333
9.782366
28.496738
8.991963
35.669516
14.101989
33.777571
38.835738
48.424450
54.047367
7.855076
12.015629
49.933236
15.022595
21.160979
19.164225
52.725644
8.641722
62.747802
21.533809
13.204628
9.637797
9.870324
6.274310
50.178803
14.920036
13.211021
51.114694
17.379143
8.398341
14.803719
30.018503
48.321944
17.679474
24.739020
23.786645
10.870795
25.911166
25.207792
50.333048
13.308827
6.392825
29.769255
21.280092
12.162916
40.549908
22.235874
6.258742
22.785877
23.983724
38.431027
25.171625
7.370027
29.030951
7.724115
7.762849
33.521375
14.953057
29.576714
39.242688
31.117899
41.728841
9.181338
15.910396
32.975169
31.337680
6.538620
30.161758
8.017110
27.871659
44.182573
9.931949
7.418538
12.494568
15.671106
27.562226
7.109244
13.410983
9.791560
16.136993
24.478655
20.040171
6.817270
13.265155
24.014795
28.520962
19.838317
9.237962
16.762106
8.717594
36.631527
45.800236
7.560361
28.599427
7.249775
14.807293
21.452766
14.687303
18.304085
14.319298
8.040781
35.675072
72.076596
19.071722
79.800921
38.655607
18.266130
35.687842
12.399896
34.417248
7.020146
15.220202
42.422184
38.456694
45.973769
16.656360
109.759683
15.331931
31.890729
18.617655
15.419492
13.756811
18.786561
62.505316
47.067428
9.614781
15.568606
19.226584
36.059239
48.773824
7.091272
9.009540
7.413757
32.768462
10.755091
41.809262
16.429070
29.066187
52.671625
11.311338
16.768733
19.820162
50.626142
17.169644
29.293855
33.230356
12.045866
18.077584
7.072165
70.527872
24.774001
9.665043
34.131128
30.346555
32.455440
20.337175
10.038168
66.945096
55.168990
12.456954
21.122066
14.928317
16.646255
39.322523
6.358539
18.620116
49.964331
22.263537
6.327838
7.605437
47.881372
36.756889
7.298748
41.788948
6.961217
31.055899
16.094174
46.160177
6.772644
14.367147
86.152497
34.162134
79.664131
34.324828
12.693316
17.824789
19.454213
6.740620
24.947030
15.107383
13.898367
30.693224
38.357344
32.892983
13.801943
19.120825
8.968125
9.913353
77.072489
37.611444
7.311056
15.377725
35.143630
50.193918
27.962338
13.922115
7.770952
18.974158
11.998603
33.523888
9.271969
36.971702
27.310379
17.455375
46.936288
33.425517
15.701548
29.255000
6.703364
15.543371
19.352822
6.821408
14.411658
61.404917
7.484804
36.013107
6.871733
11.593127
13.574458
19.687554
7.383362
32.415828
47.842842
31.874878
32.399252
10.925574
26.239880
42.523705
39.340167
16.445693
9.781219
25.581704
10.449639
42.875648
6.582724
27.325521
44.223278
16.934959
31.748730
9.936396
14.715536
31.842150
8.465754
8.676490
17.235919
28.835116
10.787252
8.309645
7.970673
45.012341
19.693912
26.864365
48.848719
8.235429
22.526196
13.851648
10.998334
12.758486
26.546096
20.106700
29.970464
12.054209
22.806320
45.899825
45.211117
10.154790
44.994056
8.244959
10.536058
10.504868
17.990830
8.937400
31.109790
49.140454
33.328892
10.578129
7.312758
42.776718
8.159097
16.779407
24.529338
20.792366
41.339660
22.031525
26.173692
48.676112
67.299933
7.028830
7.975423
55.669790
38.033110
35.320082
11.016328
20.833572
8.477267
8.986969
62.005387
55.218881
39.332450
13.971690
33.632246
15.118495
27.511998
51.392447
12.746797
28.297607
25.873770
32.586809
7.369980
21.907356
6.980502
25.687814
24.015971
10.261405
45.335854
6.937247
7.647748
10.424928
17.317691
10.137268
43.683174
10.160944
31.617087
8.493507
43.888890
55.654617
7.612353
13.577639
8.085814
10.210402
12.977002
55.888085
8.419868
6.944454
18.430478
6.940877
11.292031
27.272223
20.502939
17.462328
14.607080
37.646320
85.279645
6.356557
28.949945
58.397693
9.391146
8.620665
35.272032
40.591189
13.825760
11.686633
20.658280
18.246223
35.157634
8.873063
9.445086
6.987911
38.055768
57.134023
7.609985
6.537196
11.345004
29.836393
35.491438
16.981190
12.205483
24.239103
10.618390
31.383720
24.988243
36.601329
41.904121
22.347761
27.250161
8.060291
7.559907
7.460361
27.200831
6.995964
6.935282
39.462910
10.419068
6.245179
37.400806
22.738479
84.714706
7.722446
7.575370
49.471709
13.933553
24.956879
17.144645
36.229267
25.636972
51.610193
10.621522
26.848897
20.901559
16.204211
45.642935
9.181303
20.818096
19.947163
13.397120
7.321372
18.841504
6.537222
18.433581
8.503240
54.923977
7.047072
29.848560
53.674516
48.640529
7.892219
22.910005
7.142874
37.879229
7.903108
32.935513
16.083900
7.976443
9.276815
31.920836
12.075569
8.337955
17.230123
13.434977
7.971559
31.560891
7.613794
17.895985
53.944960
44.614551
13.826477
32.091535
12.440672
38.766433
21.993678
42.219513
69.415249
27.297496
11.517694
14.974443
10.925705
44.075280
7.812088
87.539547
12.208871
59.701174
9.884172
13.196281
7.475160
22.740476
90.661903
7.226912
11.368989
13.966922
27.902517
14.624130
17.146785
7.760593
25.409499
34.131506
20.580732
7.935034
28.667682
6.917283
34.393404
10.418561
8.143986
9.884863
7.223277
27.368434
19.718704
34.066536
14.050179
19.220372
10.367157
20.680554
39.451164
14.610585
7.661765
67.875095
24.796801
16.995474
38.074796
6.515104
32.268820
42.836715
81.535142
6.818491
53.539564
46.897360
6.459109
15.672740
13.278493
8.520320
56.524647
14.678152
51.059351
49.781287
36.537100
6.397362
28.067144
30.052248
18.454695
38.815925
38.133358
54.293769
37.938412
17.078625
20.144059
6.429343
46.575436
32.814020
7.163091
6.513135
30.121688
8.137028
12.843836
23.982731
39.232351
12.179722
17.411583
24.216497
8.198372
62.146247
14.864319
43.903633
9.820108
15.661443
7.357088
50.486048
6.605536
28.323300
6.573334
18.494130
31.294353
13.249639
8.672156
11.104590
36.926587
8.686506
12.896583
28.798704
17.452187
